0.0	5.5915598170251604E-8
0.002	0.4178714951209244
0.004	0.8029729878242761
0.006	1.1572319260233856
0.008	1.482474936222555
0.01	1.7804328182721365
0.012	2.052745251822417
0.014	2.300965281022545
0.016	2.5265635876187393
0.018000000000000002	2.73093256215068
0.020000000000000004	2.915390182509677
0.022000000000000006	3.0811837087062086
0.024000000000000007	3.229493202296724
0.02600000000000001	3.361434878539546
0.02800000000000001	3.478064298986439
0.030000000000000013	3.580379411869229
0.032000000000000015	3.669323447309043
0.034000000000000016	3.7457876740586484
0.03600000000000002	3.8106140241853375
0.03800000000000002	3.8645975918121946
0.04000000000000002	3.908489011758869
0.04200000000000002	3.9429967236585353
0.044000000000000025	3.968789126875049
0.04600000000000003	3.9864966313028507
0.04800000000000003	3.9967136089015036
0.05000000000000003	4.000000250596328
0.05200000000000003	3.9968843329660033
0.054000000000000034	3.9878628989368363
0.056000000000000036	3.97340385651114
0.05800000000000004	3.9539474993735886
0.06000000000000004	3.9299079530439736
0.06200000000000004	3.9016745500771925
0.06400000000000004	3.869613137651292
0.06600000000000004	3.8340673207314007
0.06800000000000005	3.7953596438514294
0.07000000000000005	3.753792714415863
0.07200000000000005	3.7096502702907523
0.07400000000000005	3.6631981943257768
0.07600000000000005	3.614685478327727
0.07800000000000006	3.564345138889671
0.08000000000000006	3.5123950873692866
0.08200000000000006	3.4590389562039565
0.08400000000000006	3.404466883649202
0.08600000000000006	3.348856258930506
0.08800000000000006	3.2923724297064543
0.09000000000000007	3.235169373653133
0.09200000000000007	3.177390335895739
0.09400000000000007	3.1191684339331838
0.09600000000000007	3.0606272316248697
0.09800000000000007	3.0018812837358095
0.10000000000000007	2.943036652466432
0.10200000000000008	2.884191397326858
0.10400000000000008	2.82543603965187
0.10600000000000008	2.7668540029921154
0.10800000000000008	2.708522030559189
0.11000000000000008	2.6505105808469818
0.11200000000000009	2.592884202498934
0.11400000000000009	2.5357018894405035
0.11600000000000009	2.479017417248156
0.11800000000000009	2.422879661680308
0.12000000000000009	2.3673329002519865
0.1220000000000001	2.3124170976932006
0.1240000000000001	2.2581681760912398
0.12600000000000008	2.204618270479137
0.12800000000000009	2.151795970596299
0.1300000000000001	2.0997265495127673
0.1320000000000001	2.04843217977558
0.1340000000000001	1.9979321377042958
0.1360000000000001	1.9482429964327383
0.1380000000000001	1.8993788082654015
0.1400000000000001	1.8513512768897222
0.1420000000000001	1.8041699199593761
0.1440000000000001	1.757842222538969
0.1460000000000001	1.7123737818768503
0.1480000000000001	1.6677684439502092
0.1500000000000001	1.6240284322051382
0.1520000000000001	1.58115446889383
0.1540000000000001	1.5391458893915646
0.1560000000000001	1.4980007498574883
0.1580000000000001	1.457715928585462
0.16000000000000011	1.418287221374325
0.16200000000000012	1.3797094312307971
0.16400000000000012	1.341976452702875
0.16600000000000012	1.3050813511269486
0.16800000000000012	1.2690164370578896
0.17000000000000012	1.2337733361380951
0.17200000000000013	1.199343054648789
0.17400000000000013	1.1657160409748228
0.17600000000000013	1.1328822432027321
0.17800000000000013	1.1008311630608514
0.18000000000000013	1.0695519063998675
0.18200000000000013	1.0390332304022591
0.18400000000000014	1.0092635876996305
0.18600000000000014	0.9802311675679172
0.18800000000000014	0.9519239343618989
0.19000000000000014	0.9243296633422784
0.19200000000000014	0.8974359740408178
0.19400000000000014	0.8712303613016322
0.19600000000000015	0.8457002241297082
0.19800000000000015	0.8208328924710037
0.20000000000000015	0.7966156520421264
0.20200000000000015	0.7730357673215125
0.20400000000000015	0.7500805028082689
0.20600000000000016	0.7277371426493388
0.20800000000000016	0.7059930087304465
0.21000000000000016	0.6848354773212961
0.21200000000000016	0.6642519943607902
0.21400000000000016	0.6442300894635317
0.21600000000000016	0.6247573887246132
0.21800000000000017	0.6058216263956337
0.22000000000000017	0.5874106555010264
0.22200000000000017	0.5695124574601151
0.22400000000000017	0.5521151507768317
0.22600000000000017	0.5352069988557182
0.22800000000000017	0.5187764169996911
0.23000000000000018	0.5028119786420581
0.23200000000000018	0.48730242086243963
0.23400000000000018	0.4722366492335597
0.23600000000000018	0.4576037420433021
0.23800000000000018	0.4433929539340124
0.24000000000000019	0.4295937189987149
0.2420000000000002	0.4161956533717305
0.2440000000000002	0.4031885573491089
0.2460000000000002	0.3905624170723208
0.2480000000000002	0.3783074058067923
0.25000000000000017	0.3664138848450975
0.25200000000000017	0.3548724040629472
0.25400000000000017	0.343673702154535
0.25600000000000017	0.3328087065722854
0.2580000000000002	0.32226853319464066
0.2600000000000002	0.3120444857441719
0.2620000000000002	0.30212805497702766
0.2640000000000002	0.2925109176635321
0.2660000000000002	0.2831849353786101
0.2680000000000002	0.27414215311964296
0.2700000000000002	0.2653747977683478
0.2720000000000002	0.25687527641232055
0.2740000000000002	0.248636174540987
0.2760000000000002	0.24065025412985927
0.2780000000000002	0.2329104516262072
0.2800000000000002	0.22540987584850794
0.2820000000000002	0.21814180581134515
0.2840000000000002	0.2110996884867783
0.2860000000000002	0.20427713651260201
0.2880000000000002	0.19766792585735216
0.2900000000000002	0.19126599345140177
0.2920000000000002	0.1850654347930129
0.2940000000000002	0.1790605015377777
0.2960000000000002	0.17324559907949086
0.2980000000000002	0.16761528413014476
0.3000000000000002	0.16216426230642908
0.3020000000000002	0.15688738572985225
0.3040000000000002	0.1517796506473791
0.3060000000000002	0.14683619507930196
0.3080000000000002	0.14205229650093262
0.3100000000000002	0.13742336956462492
0.3120000000000002	0.13294496386861
0.3140000000000002	0.12861276177915817
0.3160000000000002	0.12442257631267772
0.3180000000000002	0.12037034908452139
0.32000000000000023	0.11645214833151205
0.32200000000000023	0.11266416701552145
0.32400000000000023	0.10900272101585422
0.32600000000000023	0.10546424741871326
0.32800000000000024	0.10204530291266725
0.33000000000000024	0.09874256229982357
0.33200000000000024	0.0955528171333467
0.33400000000000024	0.0924729744930811
0.33600000000000024	0.08950005591235882
0.33800000000000024	0.08663119647063335
0.34000000000000025	0.08386364406841258
0.34200000000000025	0.08119475890311366
0.34400000000000025	0.07862201316697447
0.34600000000000025	0.07614299099109499
0.34800000000000025	0.0737553886631084
0.35000000000000026	0.0714570151499795
0.35200000000000026	0.06924579296208799
0.35400000000000026	0.06711975940018325
0.35600000000000026	0.06507706823312207
0.35800000000000026	0.0631159918616674
0.36000000000000026	0.06123492403220616
0.36200000000000027	0.05943238317423664
0.36400000000000027	0.05770701644711486
0.36600000000000027	0.05605760459510522
0.36800000000000027	0.05448306772557306
0.3700000000000003	0.05298247214355426
0.3720000000000003	0.05155503839737204
0.3740000000000003	0.05020015071495109
0.3760000000000003	0.04891736803958784
0.3780000000000003	0.04770643690786614
0.3800000000000003	0.046567306451957696
0.3820000000000003	0.045500145854655075
0.3840000000000003	0.044505364639243886
0.3860000000000003	0.043583636239005616
0.3880000000000003	0.04273592536424278
0.3900000000000003	0.04196351976997079
0.3920000000000003	0.041268067126855205
0.3940000000000003	0.04065161781395693
0.3960000000000003	0.04011667458714372
0.3980000000000003	0.039666250234863025
0.4000000000000003	0.039303934517110985
0.4020000000000003	0.039033971898274594
0.4040000000000003	0.03886135183519753
0.4060000000000003	0.03879191367431536
0.4080000000000003	0.03883246855301678
0.4100000000000003	0.038990941098671156
0.4120000000000003	0.03927653418355446
0.4140000000000003	0.03969992053631904
0.4160000000000003	0.040273465643679514
0.4180000000000003	0.041011487114776354
0.4200000000000003	0.04193055654292892
0.4220000000000003	0.04304985090585066
0.4240000000000003	0.04439156171998469
0.4260000000000003	0.045981371535568846
0.4280000000000003	0.047849008959221534
0.4300000000000003	0.05002889525859572
0.43200000000000033	0.05256089778376917
0.43400000000000033	0.055491207984782506
0.43600000000000033	0.058873364775130416
0.43800000000000033	0.06276944745828492
0.44000000000000034	0.06725146648163965
0.44200000000000034	0.07240298500669226
0.44400000000000034	0.07832100979914075
0.44600000000000034	0.08511819638017298
0.44800000000000034	0.09292542089499652
0.45000000000000034	0.10189477992689769
0.45200000000000035	0.11220308972528999
0.45400000000000035	0.12405596827003834
0.45600000000000035	0.13769259754863153
0.45800000000000035	0.15339127971239802
0.46000000000000035	0.17147591979379528
0.46200000000000035	0.192323589865207
0.46400000000000036	0.21637335543337585
0.46600000000000036	0.24413657511446515
0.46800000000000036	0.2762089199488316
0.47000000000000036	0.31328439993941803
0.47200000000000036	0.3561717335226405
0.47400000000000037	0.4058134518608958
0.47600000000000037	0.4633081954296272
0.47800000000000037	0.529936736933463
0.48000000000000037	0.607192353963043
0.4820000000000004	0.6968162791416994
0.4840000000000004	0.800839077314096
0.4860000000000004	0.9216289415202046
0.4880000000000004	1.0619480654914324
0.4900000000000004	1.225018444184957
0.4920000000000004	1.4145986800894554
0.4940000000000004	1.6350736371199357
0.4960000000000004	1.8915590922108398
0.4980000000000004	2.1900238946150115
0.5000000000000003	2.537432563060407
0.5020000000000003	2.9419117413924667
0.5040000000000003	3.4129445059106143
0.5060000000000003	3.961597186037826
0.5080000000000003	4.600784140287589
0.5100000000000003	5.345576840443941
0.5120000000000003	6.21356468031611
0.5140000000000003	7.225276166895595
0.5160000000000003	8.4046706010336
0.5180000000000003	9.779712046659585
0.5200000000000004	11.38303936269092
0.5220000000000004	13.252748377554097
0.5240000000000004	15.433304977999137
0.5260000000000004	17.97661102625407
0.5280000000000004	20.943248687977366
0.5300000000000004	24.40393303596839
0.5320000000000004	28.441207794012644
0.5340000000000004	33.151424921561784
0.5360000000000004	38.64705555329138
0.5380000000000004	45.05938776150482
0.5400000000000004	52.54167589477539
0.5420000000000004	61.272817086063874
0.5440000000000004	71.4616431780172
0.5460000000000004	83.35193108601608
0.5480000000000004	97.2282518654409
